Time Current Current STD Current 2d Current STD 2d Temperature
02/07/2019 13:25:40 -1.049145E-12 2.614446E-13 3.385415E-13 1.648621E-13 33.691162
02/07/2019 13:26:16 -9.887293E-13 6.839442E-13 8.117330E-14 2.173433E-13 33.635696
02/07/2019 13:26:51 -4.956366E-13 6.494543E-13 4.618240E-13 1.787551E-13 34.124985
02/07/2019 13:27:27 4.382603E-12 5.527587E-13 7.542741E-13 4.695788E-13 35.182899
02/07/2019 13:28:03 2.766465E-14 4.520621E-13 2.091428E-13 2.293865E-13 36.523502
02/07/2019 13:28:39 -7.668989E-13 6.762457E-13 2.052804E-13 4.461070E-13 37.749886
02/07/2019 13:29:15 -1.878496E-12 3.107163E-13 -3.011445E-13 1.139788E-12 38.749107
02/07/2019 13:29:51 -1.783803E-12 3.997116E-13 -9.858675E-14 3.263172E-13 39.577232
02/07/2019 13:30:27 -1.871580E-12 1.538799E-12 4.945875E-14 1.694913E-13 40.260445
02/07/2019 13:31:03 -2.274965E-12 5.718529E-13 1.600008E-13 3.300275E-13 40.817093
02/07/2019 13:31:39 -3.413210E-12 5.191948E-13 1.594877E-13 2.809411E-13 41.327549
02/07/2019 13:32:15 -3.492849E-12 5.903298E-13 1.088034E-13 1.738147E-13 41.768684
02/07/2019 13:32:51 -3.750278E-12 7.975757E-13 3.209098E-13 4.288214E-13 42.143234
02/07/2019 13:33:27 -4.097825E-12 1.096590E-12 3.955457E-13 3.689315E-13 42.439491
02/07/2019 13:34:02 -3.827987E-12 9.201390E-13 2.131259E-13 3.371293E-13 42.728634
02/07/2019 13:34:38 -4.817121E-12 4.640728E-13 -1.211246E-13 2.698209E-13 42.964287
02/07/2019 13:35:14 -5.023903E-12 5.530694E-13 4.986750E-14 1.799875E-13 43.157475
02/07/2019 13:35:50 -5.720214E-12 3.910919E-13 -1.106278E-13 1.824537E-13 43.347183
02/07/2019 13:36:26 -5.768628E-12 6.984184E-13 -1.661220E-14 2.219719E-13 43.490456
02/07/2019 13:37:02 -6.616798E-12 1.453807E-12 1.290959E-13 1.883246E-13 43.637642
02/07/2019 13:37:38 -6.169164E-12 6.091154E-13 4.509131E-13 1.605399E-13 43.763206
02/07/2019 13:38:14 -5.550763E-12 8.819527E-13 3.994000E-15 3.707750E-13 43.877205
02/07/2019 13:38:50 -5.833621E-12 7.991159E-13 1.483697E-13 2.201233E-13 43.994659
02/07/2019 13:39:26 -5.337783E-12 1.051323E-12 5.725639E-13 2.942204E-13 44.079998
02/07/2019 13:40:02 -7.022726E-12 1.141859E-12 3.062277E-13 4.498140E-13 44.158768
02/07/2019 13:40:37 -6.445614E-12 6.614656E-13 1.402141E-13 2.503776E-13 44.240757
02/07/2019 13:41:13 -7.287677E-12 1.164954E-12 2.713581E-13 4.948858E-13 44.302391
02/07/2019 13:41:49 -6.766515E-12 8.286782E-13 3.412099E-13 5.705238E-13 44.369980
02/07/2019 13:42:25 -7.916863E-12 1.193288E-12 1.254284E-13 2.395719E-13 44.427406
02/07/2019 13:43:01 -8.591514E-12 3.375077E-12 9.092090E-13 1.305288E-12 44.476814
02/07/2019 13:43:37 -7.556198E-12 7.289053E-13 2.532944E-13 1.630098E-13 44.515312
02/07/2019 13:44:13 -7.324397E-12 9.201396E-13 3.367063E-13 1.889431E-13 44.564030
02/07/2019 13:44:49 -7.428141E-12 5.524502E-13 1.058495E-13 2.173439E-13 44.585625
02/07/2019 13:45:25 -7.403934E-12 6.780932E-13 2.568635E-13 2.367964E-13 44.621532
02/07/2019 13:46:01 -8.330832E-12 8.822637E-13 1.339944E-13 2.519213E-13 44.653496
02/07/2019 13:46:37 -9.213573E-12 1.848282E-12 2.446299E-13 2.849564E-13 44.675163
02/07/2019 13:47:13 -7.347488E-12 1.237629E-12 2.214813E-13 2.420441E-13 44.705433
02/07/2019 13:47:48 -8.172058E-12 6.978020E-13 1.846687E-13 1.941918E-13 44.732044
02/07/2019 13:48:24 -8.784154E-12 6.793266E-13 2.519689E-13 1.978964E-13 44.750046
02/07/2019 13:49:00 -7.978909E-12 6.322106E-13 3.129474E-13 1.892520E-13 44.777138
02/07/2019 13:49:36 -8.642776E-12 9.041254E-13 2.265783E-13 1.352241E-13 44.795731
02/07/2019 13:50:12 -8.560800E-12 8.647091E-13 2.294615E-13 6.717814E-13 44.808140
02/07/2019 13:50:48 -9.230460E-12 9.989735E-13 9.412440E-14 2.337059E-13 44.829079
02/07/2019 13:51:24 -8.917701E-12 7.055025E-13 6.139020E-14 1.889409E-13 44.843285
02/07/2019 13:52:00 -7.551218E-12 1.718949E-12 6.537740E-14 3.590453E-13 44.851891
02/07/2019 13:52:36 -8.598228E-12 9.977392E-13 2.250486E-13 2.114805E-13 44.872002
02/07/2019 13:53:12 -7.535149E-12 7.618580E-13 3.815772E-13 3.822062E-13 44.882164
02/07/2019 13:53:48 -7.645604E-12 1.252719E-12 3.417261E-13 6.720929E-13 44.891006
02/07/2019 13:54:24 -8.041463E-12 5.838627E-13 2.168910E-13 1.429423E-13 44.904488
02/07/2019 13:54:59 -9.262095E-12 1.551117E-12 2.096514E-13 1.660972E-13 44.905388
02/07/2019 13:55:35 -8.154667E-12 1.153870E-12 2.590362E-13 7.613104E-13 44.917656
02/07/2019 13:56:11 -7.656589E-12 6.103449E-13 1.434733E-13 1.880163E-13 44.927094
02/07/2019 13:56:47 -8.607891E-12 6.679324E-13 3.206979E-13 2.911327E-13 44.935837
02/07/2019 13:57:23 -8.212337E-12 1.055020E-12 1.461314E-13 3.053298E-13 44.946304
02/07/2019 13:57:59 -8.606878E-12 7.430711E-13 9.198185E-14 2.179611E-13 44.950523
02/07/2019 13:58:35 -7.620278E-12 6.549985E-13 1.132009E-13 3.760259E-13 44.955399
02/07/2019 13:59:11 -8.249055E-12 5.564555E-13 1.075908E-13 3.448450E-13 44.962444
02/07/2019 13:59:47 -9.614012E-12 9.173708E-13 3.896225E-14 2.624154E-13 44.968838
02/07/2019 14:00:23 -8.445458E-12 9.324579E-13 3.185557E-13 1.926479E-13 44.974579
02/07/2019 14:00:59 -8.922071E-12 9.663285E-13 6.037205E-14 2.124033E-13 44.979172
02/07/2019 14:01:35 -8.994086E-12 2.084788E-12 2.450520E-13 5.072344E-13 44.993931
02/07/2019 14:02:10 -8.008914E-12 1.107984E-12 6.108885E-14 2.590199E-13 44.993103
02/07/2019 14:02:46 -8.380666E-12 9.013539E-13 8.415255E-14 5.763838E-13 44.996971
02/07/2019 14:03:22 -8.219246E-12 6.423726E-13 8.332055E-14 3.084154E-13 45.001186
02/07/2019 14:03:58 -9.547994E-12 1.035926E-12 3.220383E-13 5.371819E-13 45.003708
02/07/2019 14:04:35 8.539815E-9 7.338328E-11 1.773500E-5 9.414479E-8 45.006371
02/07/2019 14:05:11 8.367335E-9 6.924872E-11 1.728822E-5 3.088506E-8 45.007305
02/07/2019 14:05:47 8.153191E-9 7.250254E-11 1.692579E-5 8.528891E-9 45.007721
02/07/2019 14:06:24 8.226382E-9 7.006346E-11 1.699886E-5 3.454246E-8 45.013115
02/07/2019 14:07:00 8.317521E-9 8.203146E-11 1.718456E-5 2.575319E-8 45.013632
02/07/2019 14:07:37 8.228017E-9 8.695836E-11 1.711432E-5 3.486642E-8 45.014149
02/07/2019 14:08:13 8.258865E-9 8.000233E-11 1.707583E-5 1.004877E-8 45.007927
02/07/2019 14:08:50 8.299561E-9 6.341807E-11 1.705527E-5 3.447283E-8 44.971573
02/07/2019 14:09:26 8.284071E-9 9.332308E-11 1.719972E-5 1.126589E-8 44.959473
02/07/2019 14:10:03 8.361289E-9 8.239266E-11 1.714373E-5 4.574780E-9 44.966591
02/07/2019 14:10:39 8.265386E-9 8.599011E-11 1.722694E-5 3.414887E-8 44.975304
02/07/2019 14:11:16 8.122236E-9 7.527102E-11 1.723247E-5 3.300139E-8 44.990540
02/07/2019 14:11:52 8.380673E-9 8.630983E-11 1.735948E-5 1.961917E-8 45.004955
02/07/2019 14:12:29 8.377516E-9 8.909315E-11 1.722132E-5 1.358022E-7 45.002914
02/07/2019 14:13:05 8.336475E-9 6.037165E-11 1.739243E-5 3.114544E-8 44.987679
02/07/2019 14:13:41 8.119990E-9 7.201206E-11 1.686606E-5 3.842088E-9 44.966591
02/07/2019 14:14:18 8.218449E-9 7.506363E-11 1.702655E-5 1.727880E-8 44.965523
02/07/2019 14:14:54 -8.712331E-12 7.156657E-13 1.620600E-13 6.683835E-13 44.972603
02/07/2019 14:15:30 -7.772221E-12 6.790172E-13 2.828676E-13 2.840308E-13 44.990372
02/07/2019 14:16:05 -8.271210E-12 3.150261E-13 -5.800400E-15 2.750715E-13 44.992722
02/07/2019 14:16:41 -7.593204E-12 1.025146E-12 8.824150E-14 7.369171E-13 44.987503
02/07/2019 14:17:17 -8.140305E-12 4.625329E-13 2.930625E-13 2.229032E-13 44.950108
02/07/2019 14:17:53 -7.868026E-12 1.485828E-12 1.518484E-13 4.189383E-13 44.951111
02/07/2019 14:18:29 -8.541451E-12 8.899587E-13 1.773265E-13 1.460295E-13 44.962517
02/07/2019 14:19:05 -7.524042E-12 1.360804E-12 2.508469E-13 1.846207E-13 44.981903
02/07/2019 14:19:41 -7.140592E-12 5.367467E-13 1.877285E-13 2.207415E-13 44.997177
02/07/2019 14:20:17 -7.148522E-12 1.079960E-12 2.329003E-13 2.136415E-13 45.013634
02/07/2019 14:20:53 -8.714258E-12 7.098142E-13 2.984670E-13 2.676687E-13 45.010761
02/07/2019 14:21:29 -7.120146E-12 9.977389E-13 1.197140E-13 1.759756E-13 44.991135
02/07/2019 14:22:05 -7.575303E-12 6.611577E-13 2.699199E-13 3.257074E-13 44.976410
02/07/2019 14:22:41 -7.460669E-12 8.684028E-13 3.374195E-13 2.831055E-13 44.979729
02/07/2019 14:23:16 -8.620166E-12 7.125826E-13 2.501350E-13 2.719899E-13 44.997074
02/07/2019 14:23:52 -9.250362E-12 1.104286E-12 3.018324E-13 2.784743E-13 45.008133
02/07/2019 14:24:28 -8.673770E-12 7.886433E-13 2.825595E-13 2.565547E-13 45.001808
02/07/2019 14:25:04 -8.182611E-12 2.660642E-13 1.829412E-13 3.081087E-13 43.756088
02/07/2019 14:25:40 -7.148923E-12 4.345075E-13 3.729048E-13 2.324736E-13 42.043709
02/07/2019 14:26:16 -6.205357E-12 5.610742E-13 3.552639E-13 2.216680E-13 40.620453
02/07/2019 14:26:52 -5.610453E-12 5.977178E-13 2.111801E-13 1.688752E-13 39.541328
02/07/2019 14:27:28 -5.060402E-12 6.722416E-13 2.894968E-13 3.195333E-13 38.723183
02/07/2019 14:28:04 -4.634944E-12 8.135866E-13 2.125089E-13 2.661234E-13 38.084522
02/07/2019 14:28:40 -3.687104E-12 8.385305E-13 1.021789E-13 2.340142E-13 37.605103
02/07/2019 14:29:16 -3.402927E-12 5.077993E-13 3.234495E-13 2.216681E-13 37.226242
02/07/2019 14:29:52 -4.423287E-12 6.740885E-13 2.075134E-13 2.800156E-13 36.924515
02/07/2019 14:30:27 -2.204470E-12 8.782545E-13 2.455512E-13 3.525651E-13 36.683624
02/07/2019 14:31:03 -2.096557E-12 6.513000E-13 4.415307E-13 2.716823E-13 36.492222
02/07/2019 14:31:39 -2.779135E-12 5.610724E-13 2.224987E-13 1.617743E-13 36.351540
02/07/2019 14:32:15 -2.056992E-12 5.844767E-13 2.487050E-13 1.694925E-13 36.220230
02/07/2019 14:32:51 -2.814123E-12 6.399066E-13 3.299752E-13 2.482187E-13 36.111076
02/07/2019 14:33:27 -2.485597E-12 5.696948E-13 3.291611E-13 3.149033E-13 36.009956
02/07/2019 14:34:03 -2.263056E-12 4.643789E-13 2.605339E-13 2.127150E-13 35.932087
02/07/2019 14:34:39 -1.745757E-12 4.477498E-13 1.956821E-13 2.312374E-13 35.864449
02/07/2019 14:35:15 -2.662372E-12 5.462920E-13 2.470744E-13 2.540838E-13 35.807968
02/07/2019 14:35:51 -2.093708E-12 7.018029E-13 2.171964E-13 1.593045E-13 35.750282
02/07/2019 14:36:27 -1.942666E-12 6.774747E-13 3.251823E-13 1.960431E-13 35.709503
02/07/2019 14:37:03 -1.924461E-12 6.094194E-13 3.631152E-13 2.806351E-13 35.659538
02/07/2019 14:37:38 -1.873505E-12 7.039586E-13 7.048680E-14 5.442749E-13 35.611530
02/07/2019 14:38:14 -2.303027E-12 4.696134E-13 2.843959E-13 2.750774E-13 35.578369
02/07/2019 14:38:50 -1.248291E-12 5.989498E-13 2.947955E-13 2.083925E-13 35.548203
02/07/2019 14:39:26 -2.239559E-12 7.763251E-13 1.974146E-13 2.204323E-13 35.511734
02/07/2019 14:40:02 -1.704665E-12 4.994839E-13 1.515301E-13 2.191965E-13 35.465248
02/07/2019 14:40:38 -1.680864E-12 3.596776E-13 5.996750E-14 2.759984E-13 35.402752
02/07/2019 14:41:14 -8.983054E-13 5.900192E-13 2.119955E-13 1.978954E-13 35.349792
02/07/2019 14:41:50 -1.711479E-12 4.449776E-13 2.208668E-13 2.074660E-13 35.384983
02/07/2019 14:42:26 -1.269649E-12 6.771668E-13 2.586996E-13 2.726068E-13 35.401131
02/07/2019 14:43:02 -1.733346E-12 4.212661E-13 3.273237E-13 1.957344E-13 35.394279
02/07/2019 14:43:38 -1.991895E-12 5.696951E-13 1.787531E-13 1.855461E-13 35.372414
02/07/2019 14:44:14 -1.288466E-12 4.046376E-13 2.443198E-13 2.210500E-13 35.344833
02/07/2019 14:44:49 -2.063802E-12 7.479937E-13 2.782757E-13 1.787541E-13 35.314117
02/07/2019 14:45:25 -1.290194E-12 5.176523E-13 3.445566E-13 2.559367E-13 35.283333
02/07/2019 14:46:01 -1.323860E-12 5.980255E-13 2.301461E-13 1.985129E-13 35.200047
02/07/2019 14:46:37 -1.194384E-12 6.365184E-13 2.703221E-13 2.491443E-13 35.207970
02/07/2019 14:47:13 -1.929950E-12 6.722389E-13 2.764408E-13 2.621108E-13 35.266293
02/07/2019 14:47:49 -1.771283E-12 4.141832E-13 3.237542E-13 1.571430E-13 35.295387
02/07/2019 14:48:25 -1.284600E-12 6.608458E-13 1.550962E-13 1.861636E-13 35.289223
02/07/2019 14:49:01 -1.450388E-12 6.423689E-13 2.794625E-14 2.142539E-13 35.276207
02/07/2019 14:49:37 -1.267919E-12 7.316722E-13 5.792285E-14 1.877048E-13 35.250038
02/07/2019 14:50:13 -1.259884E-12 5.539892E-13 2.513556E-13 2.071571E-13 35.238747
02/07/2019 14:50:49 -1.686050E-12 4.702292E-13 3.224284E-13 2.222847E-13 35.195053
02/07/2019 14:51:24 -1.832105E-12 4.936317E-13 2.072067E-13 2.735318E-13 35.086563
02/07/2019 14:52:00 -1.461880E-12 7.498409E-13 3.252838E-13 2.432785E-13 35.127296
02/07/2019 14:52:36 -1.207503E-12 4.557556E-13 1.211401E-13 1.574517E-13 35.173325
02/07/2019 14:53:12 -7.363820E-13 6.429845E-13 3.996196E-13 2.435870E-13 35.200047
02/07/2019 14:53:48 -1.375731E-12 4.157223E-13 1.344020E-13 2.673558E-13 35.214401
02/07/2019 14:54:24 -1.200790E-12 4.927084E-13 3.534277E-13 2.229024E-13 35.210304
02/07/2019 14:55:00 -1.884181E-12 6.580739E-13 2.975481E-13 2.513054E-13 35.195740
02/07/2019 14:55:36 -1.291516E-12 4.791592E-13 1.249165E-13 2.207390E-13 35.168610
02/07/2019 14:56:12 -1.221133E-12 5.037946E-13 2.198469E-13 1.944991E-13 35.102921
02/07/2019 14:56:48 -1.982636E-12 8.145086E-13 2.665493E-13 2.513050E-13 35.110561
02/07/2019 14:57:24 -1.247779E-12 5.302770E-13 2.980575E-13 1.904855E-13 35.156288
02/07/2019 14:58:00 -1.590238E-12 4.394343E-13 2.623683E-13 2.361775E-13 35.169025
02/07/2019 14:58:35 -1.228658E-12 4.224974E-13 1.784487E-13 2.198139E-13 35.176254
02/07/2019 14:59:11 -1.791115E-12 5.031784E-13 2.538039E-13 2.670491E-13 35.183830
02/07/2019 14:59:47 -1.414177E-12 5.296613E-13 2.078158E-13 2.340156E-13 35.179901
02/07/2019 15:00:23 -1.344506E-12 7.005694E-13 9.493610E-14 1.843097E-13 35.149052
02/07/2019 15:00:59 -1.239439E-12 3.504385E-13 4.085000E-15 1.938779E-13 35.124023
02/07/2019 15:01:35 -9.809934E-13 5.096447E-13 2.412601E-13 1.877069E-13 35.057610
02/07/2019 15:02:11 -1.567759E-12 5.419786E-13 4.090004E-13 2.392647E-13 35.079678
02/07/2019 15:02:47 -1.654721E-12 5.773923E-13 8.443745E-14 2.463613E-13 35.134766
02/07/2019 15:03:23 -2.591064E-12 6.161928E-13 2.449579E-13 6.711593E-13 35.165752
02/07/2019 15:03:59 8.485713E-9 9.000326E-11 1.754218E-5 3.577169E-8 35.166473
02/07/2019 15:04:36 8.310454E-9 7.575363E-11 1.717399E-5 1.950110E-8 35.157867
02/07/2019 15:05:12 8.305186E-9 7.332212E-11 1.710326E-5 1.286146E-8 35.140068
02/07/2019 15:05:48 8.319846E-9 7.337692E-11 1.712672E-5 1.292807E-8 35.106392
02/07/2019 15:06:25 8.427373E-9 7.476086E-11 1.728907E-5 2.794824E-8 35.049622
02/07/2019 15:07:01 8.265757E-9 7.088729E-11 1.700990E-5 1.158076E-8 35.045799
02/07/2019 15:07:38 8.325676E-9 8.799957E-11 1.709156E-5 1.179270E-8 35.088699
02/07/2019 15:08:14 8.306155E-9 6.923903E-11 1.721562E-5 6.855206E-8 35.139206
02/07/2019 15:08:50 8.493773E-9 9.968599E-11 1.755951E-5 5.607814E-8 35.146679
02/07/2019 15:09:27 8.477694E-9 8.643578E-11 1.732850E-5 4.411287E-8 35.147026
02/07/2019 15:10:03 8.361059E-9 8.911525E-11 1.740761E-5 1.814168E-8 35.141685
02/07/2019 15:10:40 8.292114E-9 6.839432E-11 1.716555E-5 3.268046E-8 35.126122
02/07/2019 15:11:16 8.315120E-9 8.826630E-11 1.725434E-5 6.842793E-8 35.095306
02/07/2019 15:11:52 -1.206687E-12 9.712491E-13 1.349057E-13 1.565252E-13 35.015327
02/07/2019 15:12:28 -1.852139E-12 6.854796E-13 3.813688E-13 3.630627E-13 35.035469
02/07/2019 15:13:04 -1.334943E-12 4.800821E-13 2.504375E-13 2.204321E-13 35.081673
02/07/2019 15:13:40 -1.603457E-12 5.465973E-13 3.752477E-13 2.012906E-13 35.124542
02/07/2019 15:14:16 -1.673942E-12 3.479745E-13 3.192690E-13 3.189149E-13 35.136383
02/07/2019 15:14:52 -1.964222E-12 6.355928E-13 4.428540E-13 2.411168E-13 35.144714
02/07/2019 15:15:28 -3.673770E-13 6.349764E-13 3.500612E-13 2.059215E-13 35.144852
02/07/2019 15:16:03 -1.345520E-12 4.880881E-13 2.354478E-13 2.225929E-13 35.111973
02/07/2019 15:16:39 -1.689604E-12 7.544573E-13 2.723605E-13 2.028343E-13 35.024315
02/07/2019 15:17:15 -1.350809E-12 8.323671E-13 9.697565E-14 1.861615E-13 35.041359
02/07/2019 15:17:51 -1.015980E-12 5.392064E-13 2.305531E-13 2.151834E-13 35.095551
02/07/2019 15:18:27 -1.497678E-12 5.299683E-13 2.229071E-13 2.457467E-13 35.122818
02/07/2019 15:19:03 -5.357064E-13 5.706162E-13 2.013935E-13 2.726044E-13 35.139412
02/07/2019 15:19:39 -9.037938E-13 6.214266E-13 3.993126E-13 1.982033E-13 35.140518
02/07/2019 15:20:15 -1.887022E-12 5.601459E-13 3.425158E-13 1.447935E-13 35.114693
02/07/2019 15:20:51 -9.718368E-13 5.533710E-13 3.216120E-13 2.309286E-13 35.097683
02/07/2019 15:21:27 -3.036243E-12 5.783154E-13 1.031425E-14 3.423699E-13 34.981178
02/07/2019 15:22:03 -9.032847E-13 5.262724E-13 2.390175E-13 2.451295E-13 33.275169
02/07/2019 15:22:38 -1.314701E-12 5.173419E-13 3.338482E-13 1.982034E-13 31.530943
02/07/2019 15:23:14 -1.856814E-12 7.532255E-13 2.401382E-13 1.978946E-13 30.218315
02/07/2019 15:23:50 -1.633475E-13 7.797081E-13 1.788566E-13 2.346319E-13 29.287569
02/07/2019 15:24:26 3.359463E-13 7.492216E-13 3.573011E-13 2.642711E-13 28.588930
02/07/2019 15:25:02 3.183410E-14 4.880873E-13 2.012880E-13 1.642434E-13 28.041828
02/07/2019 15:25:38 6.163450E-14 8.807123E-13 3.699451E-13 1.741224E-13 27.610638
02/07/2019 15:26:14 -3.916851E-13 4.535982E-13 3.193685E-13 1.364577E-13 27.244495
02/07/2019 15:26:50 2.939404E-13 3.892379E-13 1.736566E-13 2.355579E-13 26.968756
02/07/2019 15:27:26 3.676796E-13 4.763853E-13 1.441849E-13 1.580687E-13 26.750273
02/07/2019 15:28:02 1.291585E-14 5.392057E-13 3.059082E-13 2.327807E-13 26.566418
02/07/2019 15:28:38 1.646674E-13 6.291249E-13 2.248439E-13 2.398812E-13 26.431023
02/07/2019 15:29:14 -4.109200E-14 6.842460E-13 2.319808E-13 2.232104E-13 26.301128
02/07/2019 15:29:49 -2.226437E-13 6.820905E-13 2.287175E-13 1.824581E-13 26.210594
02/07/2019 15:30:25 -2.695400E-14 5.539870E-13 3.183488E-13 2.482173E-13 26.102016
02/07/2019 15:31:01 -3.937191E-13 6.149593E-13 3.590346E-13 2.269150E-13 26.017376
02/07/2019 15:31:37 -4.940048E-13 5.336629E-13 2.868402E-13 1.892502E-13 25.944298
02/07/2019 15:32:13 3.187575E-13 9.170496E-13 3.051945E-13 1.806058E-13 25.870758
02/07/2019 15:32:49 6.092408E-13 4.711503E-13 2.446251E-13 2.404989E-13 25.802692
02/07/2019 15:33:25 1.869422E-13 6.232738E-13 8.249770E-14 2.096236E-13 25.750635
02/07/2019 15:34:01 4.357239E-13 3.824631E-13 2.821495E-13 2.077737E-13 25.715145
02/07/2019 15:34:37 -2.960782E-13 4.074072E-13 1.135951E-13 1.759743E-13 25.663158
02/07/2019 15:35:13 1.458510E-13 7.211996E-13 2.949978E-13 2.133310E-13 25.623638
02/07/2019 15:35:49 -9.347250E-14 9.105837E-13 3.745340E-13 2.096263E-13 25.597824
02/07/2019 15:36:24 9.550410E-14 6.057214E-13 2.638972E-13 2.012907E-13 25.578529
02/07/2019 15:37:00 -2.305771E-13 3.987850E-13 1.563215E-13 2.164171E-13 25.554741
02/07/2019 15:37:36 -2.025052E-13 3.803085E-13 1.684537E-13 1.796798E-13 25.525188
02/07/2019 15:38:12 9.204710E-14 3.316535E-13 3.172100E-14 2.466687E-13 25.497900
02/07/2019 15:38:48 -4.911578E-13 5.244255E-13 2.930605E-13 2.698283E-13 25.458916
02/07/2019 15:39:24 -3.859901E-13 7.196609E-13 2.331036E-13 2.451296E-13 25.437305
02/07/2019 15:40:00 -3.437900E-14 6.399036E-13 2.962218E-13 2.472913E-13 25.423002
02/07/2019 15:40:36 4.129330E-14 4.957869E-13 1.083966E-13 2.040676E-13 25.398375
02/07/2019 15:41:12 1.383195E-14 5.216541E-13 9.106205E-14 1.923359E-13 25.389969
02/07/2019 15:41:48 6.775915E-13 3.128692E-13 -1.072627E-13 1.778218E-13 25.376114
02/07/2019 15:42:24 2.981114E-13 4.024804E-13 3.316052E-13 2.080829E-13 25.364178
02/07/2019 15:42:59 3.721567E-13 3.784612E-13 3.220199E-13 2.247542E-13 25.360680
02/07/2019 15:43:35 -5.785276E-13 8.215907E-13 6.016650E-14 1.944962E-13 25.345192
02/07/2019 15:44:11 -4.073508E-13 8.299057E-13 1.933357E-13 2.247537E-13 25.333221
02/07/2019 15:44:47 4.851563E-13 3.997090E-13 3.179416E-13 2.661240E-13 25.337664
02/07/2019 15:45:23 4.114164E-13 3.840039E-13 2.628779E-13 1.370755E-13 25.331249
02/07/2019 15:45:59 -3.157086E-13 6.934866E-13 3.320132E-13 2.167274E-13 25.316826
02/07/2019 15:46:35 2.939365E-14 4.283481E-13 1.240997E-13 2.034507E-13 25.307203
02/07/2019 15:47:11 -1.684328E-13 4.822383E-13 6.588210E-14 2.840245E-13 25.303688
02/07/2019 15:47:47 9.348167E-13 5.342800E-13 2.948964E-13 2.087005E-13 25.302761
02/07/2019 15:48:23 -2.615997E-13 7.014940E-13 1.804865E-13 1.660960E-13 25.298286
02/07/2019 15:48:59 1.170679E-13 4.924002E-13 2.938773E-13 2.753857E-13 25.299126
02/07/2019 15:49:34 4.616608E-13 6.451397E-13 2.540071E-13 1.917208E-13 25.293074
02/07/2019 15:50:10 3.558831E-13 4.954798E-13 2.366720E-13 2.022174E-13 25.292679
02/07/2019 15:50:46 2.444086E-13 6.968745E-13 5.639690E-14 2.441997E-13 25.277449
02/07/2019 15:51:22 6.569448E-13 7.054965E-13 1.703969E-13 2.701349E-13 25.266766
02/07/2019 15:51:58 -3.987085E-14 4.662254E-13 1.772246E-13 2.148746E-13 25.277073
02/07/2019 15:52:34 9.041960E-14 5.207315E-13 3.165145E-13 1.920295E-13 25.271978
02/07/2019 15:53:10 6.149387E-13 8.246710E-13 1.845662E-13 2.111703E-13 25.264484
02/07/2019 15:53:46 2.124713E-13 6.790140E-13 3.295667E-13 2.636546E-13 25.259029
02/07/2019 15:54:22 4.039921E-13 5.690783E-13 1.857952E-13 3.025507E-13 25.261448
02/07/2019 15:54:58 3.478483E-13 5.000992E-13 4.240945E-13 2.064716E-12 25.265102
02/07/2019 15:55:34 -4.608503E-13 5.576852E-13 1.975158E-13 1.058941E-13 25.275494
02/07/2019 15:56:09 -4.924816E-13 5.235034E-13 2.983637E-13 2.049960E-13 25.248295
02/07/2019 15:56:45 -4.060295E-13 1.030378E-12 3.164165E-13 3.442305E-13 25.248981
02/07/2019 15:57:21 -5.388616E-13 5.161129E-13 7.061605E-13 8.178123E-13 25.241022
02/07/2019 15:57:58 8.395418E-9 8.389256E-11 1.740668E-5 2.849019E-8 25.235039
02/07/2019 15:58:34 8.333635E-9 7.408812E-11 1.718536E-5 2.421818E-8 25.233494
02/07/2019 15:59:11 8.488690E-9 7.556561E-11 1.748562E-5 5.892716E-8 25.232586
02/07/2019 15:59:47 8.529420E-9 9.581030E-11 1.757620E-5 6.239382E-8 25.220291
02/07/2019 16:00:23 8.359619E-9 7.568096E-11 1.718084E-5 4.838488E-8 25.208336
02/07/2019 16:01:00 8.654245E-9 8.678790E-11 1.770126E-5 1.204490E-7 25.196039
02/07/2019 16:01:36 8.598376E-9 8.167087E-11 1.772226E-5 5.457643E-8 25.163372
02/07/2019 16:02:13 8.464223E-9 7.983066E-11 1.780977E-5 3.541140E-8 25.126434
02/07/2019 16:02:49 8.508600E-9 7.850667E-11 1.742871E-5 6.058328E-8 25.183058
02/07/2019 16:03:25 8.515387E-9 9.688996E-11 1.764047E-5 3.383399E-8 25.217718
02/07/2019 16:04:02 8.479355E-9 8.171386E-11 1.728310E-5 2.410918E-8 25.221148
02/07/2019 16:04:38 8.386720E-9 7.279168E-11 1.733207E-5 2.040031E-8 25.210411
02/07/2019 16:05:15 8.460903E-9 1.074486E-10 1.704781E-5 1.084807E-8 25.199814
02/07/2019 16:05:51 8.210381E-9 7.265725E-11 1.683242E-5 5.534545E-9 25.199728
02/07/2019 16:06:28 8.364995E-9 7.712425E-11 1.716492E-5 1.280091E-8 25.200603
02/07/2019 16:07:04 8.395707E-9 6.596584E-11 1.728630E-5 6.300540E-9 25.193127
02/07/2019 16:07:40 8.381219E-9 7.555380E-11 1.725619E-5 1.952229E-8 25.188768
02/07/2019 16:08:16 1.166614E-13 4.289650E-13 2.959195E-13 3.050234E-13 25.181103
02/07/2019 16:08:52 1.192145E-12 1.815942E-12 3.738293E-13 4.309822E-13 25.189114
02/07/2019 16:09:28 -1.126965E-13 9.884985E-13 3.048914E-13 2.778566E-13 25.194378
02/07/2019 16:10:04 -5.666301E-13 6.057256E-13 4.079820E-13 1.707275E-13 25.187691
02/07/2019 16:10:40 -3.891445E-13 4.569884E-13 2.760331E-13 2.225941E-13 25.192577
02/07/2019 16:11:16 1.581592E-13 4.720776E-13 2.271894E-13 1.265792E-13 25.193331
02/07/2019 16:11:52 4.659349E-13 4.726932E-13 3.233470E-13 2.300036E-13 25.182854
02/07/2019 16:12:28 3.901606E-13 3.670685E-13 1.049321E-13 2.262961E-13 25.180229
02/07/2019 16:13:04 -4.951279E-13 6.226624E-13 3.318105E-13 1.691838E-13 25.162514
02/07/2019 16:13:39 -3.033022E-13 5.413656E-13 4.090021E-13 2.411179E-13 25.125336
02/07/2019 16:14:15 -1.269360E-13 6.953374E-13 1.219596E-13 2.198133E-13 25.130995
02/07/2019 16:14:51 1.518525E-13 7.313662E-13 2.295348E-13 1.410895E-13 25.181498
02/07/2019 16:15:27 -3.736849E-13 6.282054E-13 2.940818E-13 1.290491E-13 25.201271
02/07/2019 16:16:03 4.932750E-14 7.504592E-13 5.055682E-13 1.864728E-13 25.201443
02/07/2019 16:16:39 -2.321039E-13 5.980270E-13 1.565245E-13 1.812245E-13 25.191668
02/07/2019 16:17:15 1.825690E-13 8.502326E-13 2.355509E-13 1.574522E-13 25.174793
02/07/2019 16:17:51 -2.319016E-13 5.844778E-13 2.344294E-13 2.046880E-13 25.165257
02/07/2019 16:18:27 -2.381055E-13 8.397633E-13 1.161461E-13 1.929550E-13 23.882887
02/07/2019 16:19:03 8.716435E-14 6.500696E-13 2.786848E-13 2.022183E-13 22.129333
02/07/2019 16:19:39 -4.135559E-13 6.288218E-13 1.882375E-13 2.105537E-13 20.762142
02/07/2019 16:20:15 3.329996E-13 4.526776E-13 -3.559850E-15 2.343205E-13 19.761814
02/07/2019 16:20:50 1.267304E-13 4.748495E-13 2.347354E-13 1.975872E-13 18.981493
02/07/2019 16:21:26 1.398505E-13 7.627775E-13 3.542444E-13 1.840031E-13 18.360661
02/07/2019 16:22:02 3.230319E-13 5.912524E-13 3.403767E-13 1.975873E-13 17.901642
02/07/2019 16:22:38 9.732668E-13 9.420002E-13 -1.670083E-13 2.932823E-13 17.528021
02/07/2019 16:23:14 1.199162E-13 4.677671E-13 2.185252E-13 2.621107E-13 17.275766
02/07/2019 16:23:50 3.912793E-13 5.238124E-13 9.840200E-14 1.620829E-13 17.057045
02/07/2019 16:24:26 7.249919E-13 6.109605E-13 9.116375E-14 1.784448E-13 16.856239
02/07/2019 16:25:02 7.891720E-13 5.515277E-13 1.347047E-13 1.991298E-13 16.678267
02/07/2019 16:25:38 3.671746E-13 5.382862E-13 6.302010E-14 1.630082E-13 16.529106
02/07/2019 16:26:14 5.126200E-13 1.114758E-12 2.058781E-13 2.022184E-13 16.366844
02/07/2019 16:26:50 4.446782E-13 4.009431E-13 2.427913E-13 1.596136E-13 16.238688
02/07/2019 16:27:25 1.311965E-14 5.256607E-13 1.030980E-13 2.460543E-13 16.139553
02/07/2019 16:28:01 5.784270E-13 7.596980E-13 2.255583E-13 1.833858E-13 16.045345
02/07/2019 16:28:37 9.275850E-14 6.891789E-13 2.836813E-13 2.099365E-13 15.955359
02/07/2019 16:29:13 3.034019E-13 4.406679E-13 2.101608E-13 1.676406E-13 15.919629
02/07/2019 16:29:49 2.852975E-13 5.250445E-13 3.242655E-13 1.580699E-13 15.867241
02/07/2019 16:30:25 8.211096E-13 8.342209E-13 2.257620E-13 1.364587E-13 15.801286
02/07/2019 16:31:01 4.116215E-13 8.705582E-13 2.359594E-13 2.142589E-13 15.753819
02/07/2019 16:31:37 -1.922420E-14 5.496807E-13 2.075095E-13 1.707278E-13 15.698751
02/07/2019 16:32:13 4.213850E-13 9.580146E-13 9.932140E-14 1.815321E-13 15.652328
02/07/2019 16:32:49 3.619870E-13 6.075738E-13 -2.579215E-14 1.738114E-13 15.609804
02/07/2019 16:33:25 4.872946E-13 7.541552E-13 1.133910E-13 1.204048E-13 15.592770
02/07/2019 16:34:00 5.618484E-13 7.402978E-13 1.393993E-13 2.670484E-13 15.573533
02/07/2019 16:34:36 3.520197E-13 5.262767E-13 3.273248E-13 1.796812E-13 15.560274
02/07/2019 16:35:12 1.483949E-13 4.745420E-13 9.962860E-14 2.071560E-13 15.542574
02/07/2019 16:35:48 5.407948E-13 6.235871E-13 -3.058530E-14 1.667108E-13 15.519186
02/07/2019 16:36:24 3.946360E-13 6.423717E-13 1.775095E-14 2.333951E-13 15.500769
02/07/2019 16:37:00 3.405269E-13 5.247373E-13 2.938815E-13 3.142860E-13 15.473808
02/07/2019 16:37:36 8.381960E-13 1.115067E-12 1.666260E-13 2.864982E-13 15.444220
02/07/2019 16:38:12 6.089419E-13 5.650783E-13 9.494240E-14 2.738392E-13 15.429424
02/07/2019 16:38:48 2.069800E-13 1.340483E-12 -1.926560E-14 1.836906E-13 15.420985
02/07/2019 16:39:24 1.036428E-13 3.113319E-13 1.820172E-13 1.713455E-13 15.398587
02/07/2019 16:40:00 1.830000E-15 6.134256E-13 1.269532E-13 1.515868E-13 15.398194
02/07/2019 16:40:35 9.316650E-14 7.101199E-13 1.241015E-13 2.201228E-13 15.405318
02/07/2019 16:41:11 3.745999E-13 6.186605E-13 3.310979E-13 2.133329E-13 15.407915
02/07/2019 16:41:47 -3.631160E-14 5.817072E-13 2.938787E-13 1.889431E-13 15.388987
02/07/2019 16:42:23 2.273227E-13 5.127273E-13 2.396855E-14 1.904836E-13 15.380514
02/07/2019 16:42:59 5.278770E-13 7.618543E-13 2.310652E-13 1.827687E-13 15.358374
02/07/2019 16:43:35 3.703285E-13 6.580777E-13 2.433015E-13 1.451035E-13 15.348123
02/07/2019 16:44:11 4.916686E-13 7.723248E-13 1.935420E-13 2.340169E-13 15.351982
02/07/2019 16:44:47 3.743963E-13 8.034274E-13 1.777344E-13 1.645535E-13 15.354443
02/07/2019 16:45:23 4.438641E-13 7.483049E-13 1.979247E-13 2.022187E-13 15.339171
02/07/2019 16:45:59 1.691443E-13 5.786280E-13 2.484002E-13 1.574527E-13 15.340040
02/07/2019 16:46:35 2.924178E-13 4.265031E-13 1.997643E-13 2.738420E-13 15.337206
02/07/2019 16:47:11 5.754785E-13 7.476895E-13 8.229160E-14 1.602303E-13 15.330647
02/07/2019 16:47:46 4.077575E-13 3.994037E-13 3.223287E-13 2.170378E-13 15.331313
02/07/2019 16:48:22 3.166557E-12 4.628716E-12 -1.527637E-12 2.205153E-12 15.325743
02/07/2019 16:48:58 1.126945E-13 6.737827E-13 3.982966E-13 3.050260E-13 15.331176
02/07/2019 16:49:34 1.515470E-13 9.958929E-13 2.869497E-13 3.371312E-13 15.324512
02/07/2019 16:50:10 3.447925E-14 5.650787E-13 -2.573323E-13 6.044702E-13 15.332542
02/07/2019 16:50:46 8.796947E-13 8.520821E-13 2.453619E-13 5.754619E-13 15.330320
02/07/2019 16:51:22 4.473226E-13 7.470735E-13 3.057074E-13 2.562466E-13 15.322242
02/07/2019 16:51:58 3.306612E-13 4.529866E-13 2.714454E-13 1.667147E-13 15.317816
02/07/2019 16:52:34 4.714275E-13 9.339959E-13 3.701529E-13 2.636563E-13 15.301144
02/07/2019 16:53:10 -6.307500E-15 7.544653E-13 2.055950E-15 3.587355E-13 15.283530
02/07/2019 16:53:46 6.178910E-13 1.381748E-12 6.681480E-13 1.083007E-12 15.300032
02/07/2019 16:54:21 7.229600E-13 6.719356E-13 3.063194E-13 1.790641E-13 15.290346
02/07/2019 16:54:57 5.552387E-13 6.266675E-13 2.270076E-13 5.717568E-13 15.305190
02/07/2019 16:55:34 8.465876E-9 1.009252E-10 1.735222E-5 3.885384E-8 15.302527
02/07/2019 16:56:10 8.416868E-9 7.977011E-11 1.727496E-5 1.455997E-8 15.298034
02/07/2019 16:56:47 8.678899E-9 1.158379E-10 1.762250E-5 1.815288E-7 15.291441
02/07/2019 16:57:23 8.426024E-9 7.426947E-11 1.729737E-5 9.509850E-9 15.279601
02/07/2019 16:57:59 8.358492E-9 7.961691E-11 1.723014E-5 3.657704E-8 15.289868
02/07/2019 16:58:36 8.433023E-9 7.422951E-11 1.730095E-5 9.549209E-9 15.286434
02/07/2019 16:59:12 8.426461E-9 7.294124E-11 1.724521E-5 7.832531E-9 15.282538
02/07/2019 16:59:49 8.427673E-9 7.930022E-11 1.732397E-5 7.820421E-8 15.283616
02/07/2019 17:00:25 8.395632E-9 7.706067E-11 1.723444E-5 4.950208E-9 15.287494
02/07/2019 17:01:01 8.365041E-9 7.971713E-11 1.729211E-5 4.699822E-8 15.282727
02/07/2019 17:01:38 8.533642E-9 6.989482E-11 1.747250E-5 8.865566E-8 15.277057
02/07/2019 17:02:14 8.477594E-9 9.746945E-11 1.712587E-5 2.572595E-8 15.278166
02/07/2019 17:02:51 8.337994E-9 7.630648E-11 1.706403E-5 9.485629E-9 15.280303
02/07/2019 17:03:27 8.360777E-9 6.934530E-11 1.709975E-5 6.560918E-9 15.287595
02/07/2019 17:04:04 8.364093E-9 7.535973E-11 1.715026E-5 1.373948E-8 15.285872
02/07/2019 17:04:40 8.360568E-9 7.352679E-11 1.718917E-5 6.451923E-9 15.276064
02/07/2019 17:05:16 7.249947E-13 8.727168E-13 1.442942E-13 2.584051E-13 15.277294
02/07/2019 17:05:52 8.020900E-13 1.155410E-12 -1.406310E-14 2.167242E-13 15.291098
02/07/2019 17:06:28 3.498845E-13 8.850352E-13 2.849900E-14 8.974537E-13 15.292926
02/07/2019 17:07:04 1.594821E-13 6.522285E-13 1.664281E-13 3.852897E-13 15.289714
02/07/2019 17:07:40 3.522251E-13 4.659214E-13 2.760602E-13 6.646842E-13 15.280251
02/07/2019 17:08:15 5.234043E-13 7.212079E-13 3.232547E-13 3.982596E-13 15.267302
02/07/2019 17:08:51 1.586680E-13 9.262999E-13 2.012902E-13 1.735072E-13 15.256728
02/07/2019 17:09:27 4.760066E-13 6.676256E-13 8.864100E-14 6.091100E-13 15.263269
02/07/2019 17:10:03 6.306076E-13 8.068170E-13 2.525816E-13 1.682588E-13 15.264585
02/07/2019 17:10:39 5.943979E-13 7.729428E-13 2.181207E-13 3.040976E-13 15.272153
02/07/2019 17:11:15 4.880000E-15 1.125233E-12 3.653684E-13 4.177101E-13 15.273996
02/07/2019 17:11:51 4.977730E-13 1.032233E-12 1.192105E-13 2.682840E-13 15.279960
02/07/2019 17:12:27 2.050484E-13 6.165069E-13 3.299774E-13 1.932661E-13 15.281514
02/07/2019 17:13:03 5.085435E-14 5.660038E-13 3.664829E-13 1.389293E-13 15.275382
02/07/2019 17:13:39 3.356458E-13 3.997132E-13 2.652260E-13 1.447952E-13 15.261048
02/07/2019 17:14:14 1.133058E-12 1.591462E-12 2.388156E-13 1.648628E-13 15.246203
02/07/2019 17:14:50 1.705685E-13 6.500732E-13 1.721355E-13 3.315728E-13 15.254967
02/07/2019 17:15:26 -2.822491E-13 5.521465E-13 1.971128E-13 2.559368E-13 14.977572
02/07/2019 17:16:02 -1.701632E-13 3.642998E-13 1.872189E-13 2.000583E-13 13.161885
02/07/2019 17:16:38 2.952663E-13 5.090338E-13 1.433749E-13 2.321641E-13 11.563422
02/07/2019 17:17:14 1.386310E-13 8.046617E-13 -5.297550E-14 8.625682E-13 10.368650
02/07/2019 17:17:50 2.464451E-13 5.090340E-13 2.270893E-13 2.108642E-13 9.441370
02/07/2019 17:18:26 5.779219E-13 5.290505E-13 3.938116E-13 9.385459E-14 8.759700
02/07/2019 17:19:02 2.122699E-13 5.718548E-13 9.659705E-14 6.430705E-13 8.229401
02/07/2019 17:19:38 3.400195E-13 6.556162E-13 4.894995E-14 1.741230E-13 7.844946
02/07/2019 17:20:14 8.065600E-14 1.054714E-12 -8.120900E-13 1.373484E-12 7.523052
02/07/2019 17:20:50 2.225434E-13 4.927136E-13 4.115656E-13 5.143411E-13 7.262113
02/07/2019 17:21:25 2.344435E-13 4.536039E-13 -1.176579E-13 2.797015E-13 7.075495
02/07/2019 17:22:01 2.381049E-13 6.500735E-13 2.146639E-13 4.529015E-13 6.888787
02/07/2019 17:22:37 -2.341000E-15 6.291336E-13 1.978775E-13 1.090410E-12 6.729760
02/07/2019 17:23:13 -3.730060E-12 4.793794E-12 5.345090E-14 4.167777E-13 6.589385
02/07/2019 17:23:49 2.485815E-13 3.670714E-13 6.331551E-13 7.554574E-13 6.449512
02/07/2019 17:24:25 1.088715E-12 1.375902E-12 4.312356E-13 2.676711E-13 6.332728
02/07/2019 17:25:01 1.909111E-13 5.527629E-13 -3.516045E-13 1.423508E-12 6.235512
02/07/2019 17:25:37 4.449859E-13 5.213524E-13 -4.080414E-13 5.970609E-13 6.132289
02/07/2019 17:26:13 1.730103E-13 4.191146E-13 3.280405E-13 1.515875E-13 6.058262
02/07/2019 17:26:49 4.255586E-13 6.023422E-13 -9.669450E-15 3.658375E-13 5.997087
02/07/2019 17:27:25 3.236441E-13 6.294418E-13 3.484349E-13 2.114818E-13 5.920937
02/07/2019 17:28:00 -1.780025E-14 3.877042E-13 1.299112E-13 1.111437E-13 5.864446
02/07/2019 17:28:36 1.360891E-13 3.060984E-13 3.589600E-14 1.389285E-13 5.830441
02/07/2019 17:29:12 1.471757E-13 5.496841E-13 3.856547E-13 1.364599E-13 5.779603
02/07/2019 17:29:48 2.406482E-13 5.697002E-13 2.953084E-13 1.883270E-13 5.757409
02/07/2019 17:30:24 3.556835E-13 4.240415E-13 3.538396E-13 1.704205E-13 5.728937
02/07/2019 17:31:00 -6.408200E-15 3.495190E-13 1.419437E-13 1.543663E-13 5.698455
02/07/2019 17:31:36 1.493115E-13 4.157272E-13 2.287210E-13 2.083945E-13 5.667208
02/07/2019 17:32:12 -7.018400E-15 2.836185E-13 2.727727E-13 2.367981E-13 5.642225
02/07/2019 17:32:48 1.265284E-13 3.646084E-13 2.245404E-13 1.759777E-13 5.612680
02/07/2019 17:33:24 2.643950E-15 5.592303E-13 2.227058E-13 2.327841E-13 5.596208
02/07/2019 17:34:00 3.852818E-13 4.496014E-13 2.024128E-13 1.077478E-13 5.575750
02/07/2019 17:34:35 4.246438E-13 4.160350E-13 2.284175E-14 1.018818E-13 5.556997
02/07/2019 17:35:11 8.909815E-14 4.243496E-13 4.028879E-13 1.719642E-13 5.550020
02/07/2019 17:35:47 1.771800E-13 5.487598E-13 2.361653E-13 1.241107E-13 5.532848
02/07/2019 17:36:23 4.825175E-13 4.637667E-13 1.670295E-13 1.988235E-13 5.514622
02/07/2019 17:36:59 2.702464E-13 2.903931E-13 2.420794E-13 1.840048E-13 5.506045
02/07/2019 17:37:35 2.048461E-13 4.865549E-13 1.784496E-13 1.481919E-13 5.497961
02/07/2019 17:38:11 2.930299E-13 2.903933E-13 2.166887E-13 1.342988E-13 5.479837
02/07/2019 17:38:47 2.334268E-13 3.994062E-13 1.779399E-13 1.571452E-13 5.469934
02/07/2019 17:39:23 -1.902035E-14 3.538303E-13 2.462604E-13 1.336814E-13 5.466855
02/07/2019 17:39:59 1.328345E-13 2.839265E-13 3.032625E-13 1.796827E-13 5.462497
02/07/2019 17:40:35 1.562279E-13 5.007207E-13 4.147169E-13 1.355338E-13 5.438298
02/07/2019 17:41:11 3.069634E-13 6.442232E-13 1.016689E-13 2.059227E-13 5.436920
02/07/2019 17:41:46 3.081745E-14 4.289692E-13 2.193402E-13 1.373863E-13 5.426692
02/07/2019 17:42:22 -5.319580E-14 6.038825E-13 2.595163E-13 1.330637E-13 5.412722
02/07/2019 17:42:58 2.162373E-13 4.502175E-13 2.029226E-13 1.722730E-13 5.411207
02/07/2019 17:43:34 -3.977000E-14 3.673801E-13 1.958868E-13 1.824613E-13 5.411072
02/07/2019 17:44:10 3.850779E-13 5.635415E-13 1.950709E-13 1.583801E-13 5.420669
02/07/2019 17:44:46 -1.147310E-13 7.107403E-13 2.519711E-13 2.466772E-13 5.417741
02/07/2019 17:45:22 3.687027E-13 5.268961E-13 3.611824E-13 1.185536E-13 5.415223
02/07/2019 17:45:58 4.881650E-15 3.689198E-13 1.654994E-13 1.670247E-13 5.419545
02/07/2019 17:46:34 3.417493E-13 4.286612E-13 7.087405E-14 1.941908E-13 5.423851
02/07/2019 17:47:10 -9.561700E-15 5.081117E-13 1.379670E-13 1.620849E-13 5.416772
02/07/2019 17:47:46 7.628250E-14 7.113564E-13 1.949715E-13 2.395756E-13 5.400776
02/07/2019 17:48:21 3.766365E-13 8.163663E-13 3.371172E-13 2.080863E-13 5.387129
02/07/2019 17:48:57 1.217482E-13 3.119498E-13 1.038075E-13 1.593059E-13 5.391111
02/07/2019 17:49:33 -2.614115E-14 5.595390E-13 1.760025E-13 1.062043E-13 5.373496
02/07/2019 17:50:09 5.132346E-13 6.417604E-13 8.376870E-13 2.158606E-12 5.371217
02/07/2019 17:50:45 2.739070E-13 8.009685E-13 6.324700E-14 5.353284E-13 5.362335
02/07/2019 17:51:21 -4.048180E-14 6.294426E-13 4.763247E-13 6.486385E-13 5.354099
02/07/2019 17:51:57 4.080653E-13 6.097341E-13 4.820352E-13 6.511088E-13 5.355442
02/07/2019 17:52:33 -3.346400E-14 6.198963E-13 -1.059115E-14 3.037854E-13 5.364446
02/07/2019 17:53:09 8.456569E-9 7.434971E-11 1.732711E-5 2.632542E-8 5.373073
02/07/2019 17:53:46 8.565781E-9 7.300028E-11 1.754354E-5 3.645291E-8 5.353724
02/07/2019 17:54:22 8.509956E-9 8.840134E-11 1.746335E-5 8.883126E-9 5.360923
02/07/2019 17:54:59 8.403050E-9 6.873523E-11 1.684823E-5 2.706719E-9 5.358539
02/07/2019 17:55:35 8.400753E-9 8.245503E-11 1.711637E-5 3.423667E-8 5.344109
02/07/2019 17:56:11 8.297892E-9 7.650842E-11 1.693967E-5 1.960101E-8 5.340281
02/07/2019 17:56:48 8.119587E-9 7.451683E-11 1.659040E-5 6.984789E-9 5.353893
02/07/2019 17:57:24 8.237096E-9 7.451926E-11 1.690134E-5 2.091804E-8 5.347632
02/07/2019 17:58:01 8.266206E-9 7.350620E-11 1.688734E-5 2.045481E-8 5.341711
02/07/2019 17:58:37 8.291560E-9 7.937349E-11 1.700768E-5 1.382728E-8 5.348705
02/07/2019 17:59:13 8.247975E-9 7.693744E-11 1.685672E-5 2.508408E-8 5.345744
02/07/2019 17:59:50 8.172122E-9 7.322463E-11 1.673439E-5 3.421245E-9 5.344059
02/07/2019 18:00:26 8.293947E-9 9.586601E-11 1.711385E-5 9.255527E-9 5.340756
02/07/2019 18:01:03 8.346036E-9 7.659198E-11 1.695023E-5 3.590793E-8 5.350966
02/07/2019 18:01:39 8.455399E-9 8.060998E-11 1.729336E-5 1.984322E-8 5.356481
02/07/2019 18:02:16 8.526433E-9 7.612361E-11 1.746701E-5 2.109970E-8 5.354711
02/07/2019 18:02:51 6.288805E-13 5.613861E-13 1.967241E-13 5.479889E-13 5.357690
02/07/2019 18:03:27 4.366463E-13 4.948699E-13 2.314836E-13 3.655351E-13 5.356259
02/07/2019 18:04:03 4.019630E-13 5.512243E-13 1.322569E-13 1.355340E-13 5.347037
02/07/2019 18:04:39 1.443279E-13 3.439762E-13 2.007819E-13 1.923411E-13 5.347870
02/07/2019 18:05:15 2.552850E-14 7.128963E-13 4.773355E-14 2.939075E-13 5.357944
02/07/2019 18:05:51 4.458001E-13 4.554524E-13 5.685918E-13 3.087333E-13 5.348825
02/07/2019 18:06:27 3.187620E-13 8.154419E-13 2.520797E-13 3.488643E-13 5.354439
02/07/2019 18:07:03 2.146105E-13 4.502178E-13 4.684561E-13 2.303150E-13 5.356039
02/07/2019 18:07:39 -2.607895E-13 8.049726E-13 4.544530E-13 1.491140E-12 5.353775
02/07/2019 18:08:15 1.815538E-13 6.747108E-13 2.347445E-13 3.358977E-13 5.340620
02/07/2019 18:08:51 -2.102387E-13 5.422941E-13 2.378037E-13 3.334278E-13 5.340299
02/07/2019 18:09:26 4.284068E-13 5.832503E-13 6.945343E-13 6.257982E-13 5.354831
02/07/2019 18:10:02 1.677210E-13 5.644660E-13 1.940516E-13 1.904886E-13 5.362947
02/07/2019 18:10:38 3.232382E-13 3.701516E-13 1.646889E-13 2.664336E-13 5.365194
02/07/2019 18:11:14 6.247105E-13 9.065945E-13 -2.778025E-13 1.044403E-12 5.355546
02/07/2019 18:11:50 5.715158E-13 4.178831E-13 1.135071E-12 1.240782E-12 5.345234
02/07/2019 18:12:26 2.453270E-13 4.378997E-13 5.472919E-13 6.128286E-13 5.351377
